0111101101101111
0101101101101111
0011101101101111
0110101101101111
0111101101101011
0111101001101111
0111101101100111
0111101101100011
0010101101101111
0110001101101111
1010110010010111
1010110010010010
1010100010010011
1010010010010111
1010100010010111
1010110010010011
1010110010010110
1010110010010101
1010110000010111
1010100010010101
2111001111100111
2011001111100111
2111001111100110
2110001111100111
2111001011100111
2111001111100011
2111001111100110
2111001101100111
2111000111100111
2111001111100101
3111001111001111
3011001111001111
3111001011001111
3110001111001111
3111001111001110
3011001011001111
3111001011001011
3101001111001111
3111001111001101
3111001111000111
4101101111001001
4001011101111001
4101101011001001
4101101110001001
4001101111001001
4100101111001001
4101101101001001
4101100111001001
4001011101011001
4001010101111001
5111100111001111
5110100111001111
5111100111001011
5111100110001111
5111100011001111
5110100011001111
5111100110001011
5111100111001101
5101100111001111
5011100111001111
6111100111101111
6110100111101111
6111100011101111
6111100111101110
6111100110101111
6111100111101011
6111100110101011
6111100011101110
6111100110101110
6111100011101011
7111001001001001
7111001010010010
7111001010111010
7011001010111010
7110001001001001
7111001000001001
7111001001000001
7111001010000010
7111001001010010
7111001010011010
8111101111101111
8011101111101111
8110101111101111
8111101111101011
8111101111101110
8111101111101101
8101101111101111
8010101111101111
8111101111101010
8110101111101011
9111101111001111
9011101111001111
9110101111001111
9111101110001111
9111101011001111
9111101011001011
9010101011001111
9110101011001110
9011101110001111
9010101111001111
